0 0.11796875 0.3796875 0.06953125 0.053125
0 0.290625 0.36796875 0.11015625 0.065625
0 0.47421875 0.35 0.16640625 0.1015625
0 0.69765625 0.346875 0.1234375 0.090625
0 0.88671875 0.39453125 0.22265625 0.2515625
0 0.17890625 0.55703125 0.06484375 0.08046875
0 0.37421875 0.56328125 0.0609375 0.1
0 0.30234375 0.64765625 0.07890625 0.0515625
0 0.36953125 0.7640625 0.07421875 0.0625
0 0.784375 0.78359375 0.4046875 0.06953125
0 0.53125 0.63515625 0.11484375 0.0765625
0 0.6109375 0.53046875 0.040625 0.1765625