1 0.0765625 0.15 0.153125 0.3
1 0.3671875 0.08046875 0.225 0.1609375
0 0.06015625 0.23828125 0.05 0.11875
0 0.37421875 0.23046875 0.05625 0.115625
0 0.14609375 0.1890625 0.0625 0.13828125
0 0.27109375 0.1890625 0.0703125 0.1453125
1 0.73984375 0.1609375 0.5203125 0.321875
0 0.74453125 0.471875 0.0765625 0.034375
0 0.98046875 0.33671875 0.0390625 0.0890625
0 0.55078125 0.4546875 0.1046875 0.0609375
1 0.06640625 0.5890625 0.1328125 0.2
0 0.059375 0.79453125 0.11875 0.4109375
1 0.75859375 0.56328125 0.1953125 0.1484375
0 0.771875 0.7203125 0.12890625 0.16328125