1 0.46171875 0.11953125 0.3421875 0.2390625
0 0.3203125 0.21015625 0.04375 0.0578125
1 0.7984375 0.11953125 0.31875 0.2390625
0 0.80234375 0.20625 0.3265625 0.065625
0 0.28046875 0.728125 0.03515625 0.025
0 0.271875 0.72734375 0.01953125 0.0234375
0 0.0109375 0.70859375 0.021875 0.0234375
0 0.29609375 0.72734375 0.0546875 0.0359375
0 0.20390625 0.9734375 0.06875 0.028125
0 0.16015625 0.72421875 0.03359375 0.0546875
0 0.4484375 0.72578125 0.11640625 0.0640625
0 0.4296875 0.8453125 0.0515625 0.025
0 0.48828125 0.89921875 0.04765625 0.0359375
0 0.084375 0.72109375 0.05703125 0.0609375
1 0.27734375 0.475 0.5546875 0.471875
1 0.81953125 0.471875 0.3609375 0.465625