1 0.1671875 0.2421875 0.334375 0.484375
0 0.11953125 0.2859375 0.06796875 0.0390625
0 0.14375 0.40703125 0.04296875 0.040625
0 0.13671875 0.4796875 0.0984375 0.01875
1 0.725 0.1015625 0.55 0.203125
0 0.725 0.24765625 0.55 0.3546875
1 0.225 0.68828125 0.45 0.3984375
0 0.34296875 0.928125 0.0515625 0.04140625
0 0.18046875 0.91953125 0.06484375 0.05859375
0 0.3828125 0.75234375 0.134375 0.1015625
0 0.18828125 0.76640625 0.11171875 0.12890625
1 0.74609375 0.6203125 0.5078125 0.2625
0 0.6578125 0.79921875 0.27734375 0.23671875