0 0.11640625 0.259375 0.03515625 0.025
0 0.1078125 0.25859375 0.01953125 0.0234375
0 0.13203125 0.25859375 0.0546875 0.0359375
0 0.03984375 0.5046875 0.06875 0.028125
0 0.00625 0.25546875 0.0125 0.0546875
0 0.284375 0.25703125 0.11640625 0.0640625
0 0.265625 0.3765625 0.0515625 0.025
0 0.32421875 0.43046875 0.04765625 0.0359375
1 0.1953125 0.12109375 0.390625 0.2421875
1 0.71484375 0.2078125 0.5703125 0.415625
0 0.7296875 0.6078125 0.046875 0.05625
0 0.7765625 0.58671875 0.01875 0.0140625
0 0.64453125 0.64140625 0.028125 0.0640625
0 0.9796875 0.76875 0.02578125 0.0984375