0 0.41484375 0.12265625 0.0421875 0.2453125
0 0.4171875 0.4125 0.03125 0.1046875
0 0.4046875 0.55078125 0.053125 0.0765625
0 0.18359375 0.06953125 0.0328125 0.08125
0 0.0296875 0.1921875 0.03671875 0.08125
1 0.19453125 0.440625 0.2765625 0.296875
1 0.12265625 0.0484375 0.2453125 0.096875
1 0.4078125 0.1484375 0.203125 0.296875
1 0.471875 0.52265625 0.075 0.1328125
0 0.84296875 0.1046875 0.1265625 0.209375
0 0.08203125 0.8109375 0.1640625 0.171875
1 0.03046875 0.6859375 0.0609375 0.19375
1 0.2921875 0.72890625 0.434375 0.2796875
0 0.60390625 0.7796875 0.1890625 0.31875