0 0.8296875 0.6515625 0.0234375 0.02734375
0 0.57890625 0.74375 0.02734375 0.0328125
1 0.503125 0.4671875 0.99375 0.934375
0 0.61484375 0.69609375 0.01484375 0.040625
0 0.41875 0.65390625 0.0203125 0.021875
0 0.5609375 0.74921875 0.07421875 0.0328125
0 0.40703125 0.84296875 0.021875 0.03515625
0 0.33359375 0.61875 0.02734375 0.02734375
0 0.56640625 0.62265625 0.01640625 0.02421875
0 0.04296875 0.96171875 0.02734375 0.02734375
0 0.5296875 0.671875 0.03125 0.04609375
0 0.0453125 0.540625 0.06171875 0.0625
0 0.74453125 0.62265625 0.0671875 0.0625