0 0.15 0.1 0.04375 0.05703125
0 0.23203125 0.1359375 0.059375 0.0640625
1 0.5421875 0.24453125 0.425 0.4890625
1 0.16484375 0.63984375 0.3296875 0.3015625
0 0.17421875 0.71640625 0.14296875 0.06171875
1 0.675 0.6640625 0.65 0.35
0 0.48828125 0.84921875 0.04375 0.06015625
0 0.48828125 0.74765625 0.02421875 0.0328125
0 0.434375 0.83984375 0.0203125 0.05390625
0 0.37265625 0.84296875 0.06171875 0.10234375
0 0.565625 0.7671875 0.0359375 0.06015625
0 0.978125 0.8796875 0.04375 0.153125
0 0.34765625 0.81875 0.0359375 0.1625