1 0.2109375 0.12578125 0.1625 0.2515625
0 0.09765625 0.00546875 0.0171875 0.0109375
0 0.32578125 0.19375 0.01484375 0.03515625
0 0.21015625 0.271875 0.046875 0.08671875
1 0.4796875 0.31953125 0.178125 0.6390625
0 0.25703125 0.2546875 0.01875 0.03515625
0 0.12421875 0.31953125 0.028125 0.0640625
0 0.459375 0.446875 0.02578125 0.0984375
0 0.65703125 0.309375 0.1515625 0.12578125
1 0.68828125 0.1375 0.2390625 0.275
0 0.0546875 0.9328125 0.0375 0.134375
1 0.41015625 0.74921875 0.2609375 0.2203125
0 0.34453125 0.92734375 0.2765625 0.1453125