0 0.4015625 0.2890625 0.025 0.09375
0 0.0921875 0.240625 0.01875 0.0765625
0 0.20546875 0.20546875 0.09765625 0.16171875
1 0.821875 0.21484375 0.246875 0.4296875
1 0.1546875 0.71484375 0.309375 0.5703125
0 0.62421875 0.5671875 0.03515625 0.025
0 0.615625 0.56640625 0.01953125 0.0234375
0 0.63984375 0.56640625 0.0546875 0.0359375
0 0.54765625 0.8125 0.06875 0.028125
0 0.50390625 0.56328125 0.03359375 0.0546875
0 0.7921875 0.56484375 0.11640625 0.0640625
0 0.7734375 0.684375 0.0515625 0.025
0 0.83203125 0.73828125 0.04765625 0.0359375
0 0.4375 0.56015625 0.0375 0.0609375