0 0.03125 0.78125 0.0625 0.11875
0 0.11640625 0.67421875 0.05 0.05546875
0 0.15078125 0.56953125 0.05703125 0.0875
0 0.23828125 0.471875 0.08515625 0.11484375
0 0.28671875 0.62890625 0.05 0.05546875
0 0.31875 0.56953125 0.06015625 0.06328125
0 0.36953125 0.478125 0.03671875 0.07109375
0 0.44453125 0.453125 0.0484375 0.06953125
0 0.49609375 0.39375 0.03671875 0.0375
0 0.48203125 0.1421875 0.0265625 0.01796875
0 0.3640625 0.2046875 0.028125 0.0234375
0 0.18828125 0.80078125 0.03203125 0.04921875
0 0.01015625 0.90390625 0.0203125 0.03359375
0 0.01171875 0.98203125 0.0234375 0.03203125
1 0.3296875 0.090625 0.18828125 0.17265625