0 0.275 0.25703125 0.1921875 0.228125
1 0.25 0.096875 0.5 0.19375
0 0.5234375 0.4109375 0.0421875 0.10390625
0 0.87734375 0.2953125 0.1984375 0.27421875
0 0.09921875 0.778125 0.0828125 0.1171875
0 0.309375 0.553125 0.29375 0.16875
1 0.19921875 0.734375 0.3984375 0.53125
0 0.98515625 0.728125 0.0296875 0.103125
0 0.9078125 0.81640625 0.06328125 0.09296875
0 0.9953125 0.909375 0.009375 0.084375
0 0.9625 0.9265625 0.02109375 0.07890625
0 0.92734375 0.94140625 0.01875 0.07421875
1 0.93671875 0.59140625 0.1265625 0.2453125
1 0.9453125 0.834375 0.0578125 0.05