0 0.528125 0.2890625 0.09375 0.103125
0 0.41875 0.37734375 0.06328125 0.09296875
0 0.60546875 0.45234375 0.021875 0.0890625
0 0.646875 0.4328125 0.028125 0.0671875
0 0.5140625 0.4703125 0.025 0.084375
0 0.4734375 0.4875 0.02109375 0.07890625
0 0.43828125 0.50234375 0.01875 0.07421875
0 0.61015625 0.60546875 0.01484375 0.09453125
0 0.609375 0.77109375 0.0234375 0.1
0 0.4765625 0.6390625 0.0203125 0.084375
0 0.51796875 0.61953125 0.0234375 0.08046875
0 0.65234375 0.5859375 0.01796875 0.084375
1 0.51953125 0.13828125 0.26875 0.27578125
1 0.45625 0.3953125 0.0578125 0.05