0 0.040625 0.5953125 0.08125 0.109375
0 0.18359375 0.5796875 0.1328125 0.140625
0 0.4453125 0.63203125 0.16875 0.0359375
1 0.021875 0.30703125 0.04375 0.6140625
1 0.325 0.2953125 0.38125 0.590625
0 0.77109375 0.31953125 0.1171875 0.0515625
1 0.73515625 0.1453125 0.4109375 0.290625
1 0.98125 0.1921875 0.0375 0.1125
0 0.3265625 0.9 0.40625 0.2
1 0.26484375 0.825 0.5296875 0.35
0 0.6140625 0.809375 0.16875 0.31875
0 0.859375 0.90390625 0.19921875 0.15390625
1 0.76484375 0.76953125 0.4703125 0.2390625