0 0.2546875 0.0875 0.109375 0.175
0 0.33125 0.31875 0.04375 0.1
0 0.40703125 0.22109375 0.05 0.05546875
0 0.44140625 0.11640625 0.05703125 0.0875
0 0.528125 0.0375 0.084375 0.075
0 0.57734375 0.17578125 0.05 0.05546875
0 0.609375 0.11640625 0.06015625 0.06328125
0 0.659375 0.0296875 0.0375 0.059375
0 0.73515625 0.0171875 0.0484375 0.034375
0 0.478125 0.3453125 0.03125 0.046875
0 0.2609375 0.684375 0.096875 0.63125
0 0.58828125 0.73125 0.21796875 0.27109375
1 0.49296875 0.52421875 0.3671875 0.3109375